 DIHEDRAL 7010 7013 7015 7017 $FC 0.0
 IMPROPER 6986 6975 6978 6980 $FC 120.0
 DIHEDRAL 7144 7147 7149 7151 $FC 0.0
 IMPROPER 7120 7109 7112 7114 $FC 120.0
 DIHEDRAL 7278 7281 7283 7285 $FC 0.0
 IMPROPER 7254 7243 7246 7248 $FC 120.0
 DIHEDRAL 7412 7415 7417 7419 $FC 0.0
 IMPROPER 7388 7377 7380 7382 $FC 120.0
 DIHEDRAL 7546 7549 7551 7553 $FC 0.0
 IMPROPER 7522 7511 7514 7516 $FC 120.0
 DIHEDRAL 7680 7683 7685 7687 $FC 0.0
 IMPROPER 7656 7645 7648 7650 $FC 120.0
 DIHEDRAL 7814 7817 7819 7821 $FC 0.0
 IMPROPER 7790 7779 7782 7784 $FC 120.0
 DIHEDRAL 7948 7951 7953 7955 $FC 0.0
 IMPROPER 7924 7913 7916 7918 $FC 120.0
 DIHEDRAL 8082 8085 8087 8089 $FC 0.0
 IMPROPER 8058 8047 8050 8052 $FC 120.0
 DIHEDRAL 8216 8219 8221 8223 $FC 0.0
 IMPROPER 8192 8181 8184 8186 $FC 120.0
 DIHEDRAL 8350 8353 8355 8357 $FC 0.0
 IMPROPER 8326 8315 8318 8320 $FC 120.0
 DIHEDRAL 8484 8487 8489 8491 $FC 0.0
 IMPROPER 8460 8449 8452 8454 $FC 120.0
 DIHEDRAL 8618 8621 8623 8625 $FC 0.0
 IMPROPER 8594 8583 8586 8588 $FC 120.0
 DIHEDRAL 8752 8755 8757 8759 $FC 0.0
 IMPROPER 8728 8717 8720 8722 $FC 120.0
 DIHEDRAL 8886 8889 8891 8893 $FC 0.0
 IMPROPER 8862 8851 8854 8856 $FC 120.0
 DIHEDRAL 9020 9023 9025 9027 $FC 0.0
 IMPROPER 8996 8985 8988 8990 $FC 120.0
 DIHEDRAL 9154 9157 9159 9161 $FC 0.0
 IMPROPER 9130 9119 9122 9124 $FC 120.0
 DIHEDRAL 9288 9291 9293 9295 $FC 0.0
 IMPROPER 9264 9253 9256 9258 $FC 120.0
 DIHEDRAL 9422 9425 9427 9429 $FC 0.0
 IMPROPER 9398 9387 9390 9392 $FC 120.0
 DIHEDRAL 9556 9559 9561 9563 $FC 0.0
 IMPROPER 9532 9521 9524 9526 $FC 120.0
 DIHEDRAL 9690 9693 9695 9697 $FC 0.0
 IMPROPER 9666 9655 9658 9660 $FC 120.0
 DIHEDRAL 9824 9827 9829 9831 $FC 0.0
 IMPROPER 9800 9789 9792 9794 $FC 120.0
 DIHEDRAL 9958 9961 9963 9965 $FC 0.0
 IMPROPER 9934 9923 9926 9928 $FC 120.0
 DIHEDRAL 10092 10095 10097 10099 $FC 0.0
 IMPROPER 10068 10057 10060 10062 $FC 120.0
 DIHEDRAL 10226 10229 10231 10233 $FC 0.0
 IMPROPER 10202 10191 10194 10196 $FC 120.0
 DIHEDRAL 10360 10363 10365 10367 $FC 0.0
 IMPROPER 10336 10325 10328 10330 $FC 120.0
 DIHEDRAL 10494 10497 10499 10501 $FC 0.0
 IMPROPER 10470 10459 10462 10464 $FC 120.0
 DIHEDRAL 10628 10631 10633 10635 $FC 0.0
 IMPROPER 10604 10593 10596 10598 $FC 120.0
 DIHEDRAL 10762 10765 10767 10769 $FC 0.0
 IMPROPER 10738 10727 10730 10732 $FC 120.0
 DIHEDRAL 10896 10899 10901 10903 $FC 0.0
 IMPROPER 10872 10861 10864 10866 $FC 120.0
 DIHEDRAL 11030 11033 11035 11037 $FC 0.0
 IMPROPER 11006 10995 10998 11000 $FC 120.0
 DIHEDRAL 11164 11167 11169 11171 $FC 0.0
 IMPROPER 11140 11129 11132 11134 $FC 120.0
 DIHEDRAL 11298 11301 11303 11305 $FC 0.0
 IMPROPER 11274 11263 11266 11268 $FC 120.0
 DIHEDRAL 11432 11435 11437 11439 $FC 0.0
 IMPROPER 11408 11397 11400 11402 $FC 120.0
 DIHEDRAL 11566 11569 11571 11573 $FC 0.0
 IMPROPER 11542 11531 11534 11536 $FC 120.0
 DIHEDRAL 11700 11703 11705 11707 $FC 0.0
 IMPROPER 11676 11665 11668 11670 $FC 120.0
 DIHEDRAL 11834 11837 11839 11841 $FC 0.0
 IMPROPER 11810 11799 11802 11804 $FC 120.0
 DIHEDRAL 11968 11971 11973 11975 $FC 0.0
 IMPROPER 11944 11933 11936 11938 $FC 120.0
 DIHEDRAL 12102 12105 12107 12109 $FC 0.0
 IMPROPER 12078 12067 12070 12072 $FC 120.0
 DIHEDRAL 12236 12239 12241 12243 $FC 0.0
 IMPROPER 12212 12201 12204 12206 $FC 120.0
 DIHEDRAL 12370 12373 12375 12377 $FC 0.0
 IMPROPER 12346 12335 12338 12340 $FC 120.0
 DIHEDRAL 12504 12507 12509 12511 $FC 0.0
 IMPROPER 12480 12469 12472 12474 $FC 120.0
 DIHEDRAL 12638 12641 12643 12645 $FC 0.0
 IMPROPER 12614 12603 12606 12608 $FC 120.0
 DIHEDRAL 12772 12775 12777 12779 $FC 0.0
 IMPROPER 12748 12737 12740 12742 $FC 120.0
 DIHEDRAL 12906 12909 12911 12913 $FC 0.0
 IMPROPER 12882 12871 12874 12876 $FC 120.0
 DIHEDRAL 13040 13043 13045 13047 $FC 0.0
 IMPROPER 13016 13005 13008 13010 $FC 120.0
 DIHEDRAL 13174 13177 13179 13181 $FC 0.0
 IMPROPER 13150 13139 13142 13144 $FC 120.0
 DIHEDRAL 13308 13311 13313 13315 $FC 0.0
 IMPROPER 13284 13273 13276 13278 $FC 120.0
 DIHEDRAL 13442 13445 13447 13449 $FC 0.0
 IMPROPER 13418 13407 13410 13412 $FC 120.0
 DIHEDRAL 13576 13579 13581 13583 $FC 0.0
 IMPROPER 13552 13541 13544 13546 $FC 120.0
 DIHEDRAL 13710 13713 13715 13717 $FC 0.0
 IMPROPER 13686 13675 13678 13680 $FC 120.0
 DIHEDRAL 13844 13847 13849 13851 $FC 0.0
 IMPROPER 13820 13809 13812 13814 $FC 120.0
 DIHEDRAL 13978 13981 13983 13985 $FC 0.0
 IMPROPER 13954 13943 13946 13948 $FC 120.0
 DIHEDRAL 14112 14115 14117 14119 $FC 0.0
 IMPROPER 14088 14077 14080 14082 $FC 120.0
 DIHEDRAL 14246 14249 14251 14253 $FC 0.0
 IMPROPER 14222 14211 14214 14216 $FC 120.0
 DIHEDRAL 14380 14383 14385 14387 $FC 0.0
 IMPROPER 14356 14345 14348 14350 $FC 120.0
 DIHEDRAL 14514 14517 14519 14521 $FC 0.0
 IMPROPER 14490 14479 14482 14484 $FC 120.0
 DIHEDRAL 14648 14651 14653 14655 $FC 0.0
 IMPROPER 14624 14613 14616 14618 $FC 120.0
 DIHEDRAL 14782 14785 14787 14789 $FC 0.0
 IMPROPER 14758 14747 14750 14752 $FC 120.0
 DIHEDRAL 14916 14919 14921 14923 $FC 0.0
 IMPROPER 14892 14881 14884 14886 $FC 120.0
 DIHEDRAL 15050 15053 15055 15057 $FC 0.0
 IMPROPER 15026 15015 15018 15020 $FC 120.0
 DIHEDRAL 15184 15187 15189 15191 $FC 0.0
 IMPROPER 15160 15149 15152 15154 $FC 120.0
 DIHEDRAL 15318 15321 15323 15325 $FC 0.0
 IMPROPER 15294 15283 15286 15288 $FC 120.0
 DIHEDRAL 15452 15455 15457 15459 $FC 0.0
 IMPROPER 15428 15417 15420 15422 $FC 120.0
 DIHEDRAL 15586 15589 15591 15593 $FC 0.0
 IMPROPER 15562 15551 15554 15556 $FC 120.0
 DIHEDRAL 15720 15723 15725 15727 $FC 0.0
 IMPROPER 15696 15685 15688 15690 $FC 120.0
 DIHEDRAL 15854 15857 15859 15861 $FC 0.0
 IMPROPER 15830 15819 15822 15824 $FC 120.0
 DIHEDRAL 15988 15991 15993 15995 $FC 0.0
 IMPROPER 15964 15953 15956 15958 $FC 120.0
 DIHEDRAL 16122 16125 16127 16129 $FC 0.0
 IMPROPER 16098 16087 16090 16092 $FC 120.0
 DIHEDRAL 16256 16259 16261 16263 $FC 0.0
 IMPROPER 16232 16221 16224 16226 $FC 120.0
 DIHEDRAL 16390 16393 16395 16397 $FC 0.0
 IMPROPER 16366 16355 16358 16360 $FC 120.0
 DIHEDRAL 16524 16527 16529 16531 $FC 0.0
 IMPROPER 16500 16489 16492 16494 $FC 120.0
 DIHEDRAL 16658 16661 16663 16665 $FC 0.0
 IMPROPER 16634 16623 16626 16628 $FC 120.0
 DIHEDRAL 16792 16795 16797 16799 $FC 0.0
 IMPROPER 16768 16757 16760 16762 $FC 120.0
 DIHEDRAL 16926 16929 16931 16933 $FC 0.0
 IMPROPER 16902 16891 16894 16896 $FC 120.0
 DIHEDRAL 17060 17063 17065 17067 $FC 0.0
 IMPROPER 17036 17025 17028 17030 $FC 120.0
 DIHEDRAL 17194 17197 17199 17201 $FC 0.0
 IMPROPER 17170 17159 17162 17164 $FC 120.0
 DIHEDRAL 17328 17331 17333 17335 $FC 0.0
 IMPROPER 17304 17293 17296 17298 $FC 120.0
 DIHEDRAL 17462 17465 17467 17469 $FC 0.0
 IMPROPER 17438 17427 17430 17432 $FC 120.0
 DIHEDRAL 17596 17599 17601 17603 $FC 0.0
 IMPROPER 17572 17561 17564 17566 $FC 120.0
 DIHEDRAL 17730 17733 17735 17737 $FC 0.0
 IMPROPER 17706 17695 17698 17700 $FC 120.0
 DIHEDRAL 17864 17867 17869 17871 $FC 0.0
 IMPROPER 17840 17829 17832 17834 $FC 120.0
 DIHEDRAL 17998 18001 18003 18005 $FC 0.0
 IMPROPER 17974 17963 17966 17968 $FC 120.0
 DIHEDRAL 18132 18135 18137 18139 $FC 0.0
 IMPROPER 18108 18097 18100 18102 $FC 120.0
 DIHEDRAL 18266 18269 18271 18273 $FC 0.0
 IMPROPER 18242 18231 18234 18236 $FC 120.0
 DIHEDRAL 18400 18403 18405 18407 $FC 0.0
 IMPROPER 18376 18365 18368 18370 $FC 120.0
 DIHEDRAL 18534 18537 18539 18541 $FC 0.0
 IMPROPER 18510 18499 18502 18504 $FC 120.0
 DIHEDRAL 18668 18671 18673 18675 $FC 0.0
 IMPROPER 18644 18633 18636 18638 $FC 120.0
 DIHEDRAL 18802 18805 18807 18809 $FC 0.0
 IMPROPER 18778 18767 18770 18772 $FC 120.0
 DIHEDRAL 18936 18939 18941 18943 $FC 0.0
 IMPROPER 18912 18901 18904 18906 $FC 120.0
 DIHEDRAL 19070 19073 19075 19077 $FC 0.0
 IMPROPER 19046 19035 19038 19040 $FC 120.0
 DIHEDRAL 19204 19207 19209 19211 $FC 0.0
 IMPROPER 19180 19169 19172 19174 $FC 120.0
 DIHEDRAL 19338 19341 19343 19345 $FC 0.0
 IMPROPER 19314 19303 19306 19308 $FC 120.0
 DIHEDRAL 19472 19475 19477 19479 $FC 0.0
 IMPROPER 19448 19437 19440 19442 $FC 120.0
 DIHEDRAL 19606 19609 19611 19613 $FC 0.0
 IMPROPER 19582 19571 19574 19576 $FC 120.0
 DIHEDRAL 19740 19743 19745 19747 $FC 0.0
 IMPROPER 19716 19705 19708 19710 $FC 120.0
 DIHEDRAL 19874 19877 19879 19881 $FC 0.0
 IMPROPER 19850 19839 19842 19844 $FC 120.0
 DIHEDRAL 20008 20011 20013 20015 $FC 0.0
 IMPROPER 19984 19973 19976 19978 $FC 120.0
 DIHEDRAL 20142 20145 20147 20149 $FC 0.0
 IMPROPER 20118 20107 20110 20112 $FC 120.0
 DIHEDRAL 20276 20279 20281 20283 $FC 0.0
 IMPROPER 20252 20241 20244 20246 $FC 120.0
 DIHEDRAL 20410 20413 20415 20417 $FC 0.0
 IMPROPER 20386 20375 20378 20380 $FC 120.0
 DIHEDRAL 20544 20547 20549 20551 $FC 0.0
 IMPROPER 20520 20509 20512 20514 $FC 120.0
 DIHEDRAL 20678 20681 20683 20685 $FC 0.0
 IMPROPER 20654 20643 20646 20648 $FC 120.0
 DIHEDRAL 20812 20815 20817 20819 $FC 0.0
 IMPROPER 20788 20777 20780 20782 $FC 120.0
 DIHEDRAL 20946 20949 20951 20953 $FC 0.0
 IMPROPER 20922 20911 20914 20916 $FC 120.0
 DIHEDRAL 21080 21083 21085 21087 $FC 0.0
 IMPROPER 21056 21045 21048 21050 $FC 120.0
 DIHEDRAL 21214 21217 21219 21221 $FC 0.0
 IMPROPER 21190 21179 21182 21184 $FC 120.0
 DIHEDRAL 21348 21351 21353 21355 $FC 0.0
 IMPROPER 21324 21313 21316 21318 $FC 120.0
 DIHEDRAL 21482 21485 21487 21489 $FC 0.0
 IMPROPER 21458 21447 21450 21452 $FC 120.0
 DIHEDRAL 21616 21619 21621 21623 $FC 0.0
 IMPROPER 21592 21581 21584 21586 $FC 120.0
 DIHEDRAL 21750 21753 21755 21757 $FC 0.0
 IMPROPER 21726 21715 21718 21720 $FC 120.0
 DIHEDRAL 21884 21887 21889 21891 $FC 0.0
 IMPROPER 21860 21849 21852 21854 $FC 120.0
 DIHEDRAL 22018 22021 22023 22025 $FC 0.0
 IMPROPER 21994 21983 21986 21988 $FC 120.0
 DIHEDRAL 22152 22155 22157 22159 $FC 0.0
 IMPROPER 22128 22117 22120 22122 $FC 120.0
 DIHEDRAL 22286 22289 22291 22293 $FC 0.0
 IMPROPER 22262 22251 22254 22256 $FC 120.0
 DIHEDRAL 22420 22423 22425 22427 $FC 0.0
 IMPROPER 22396 22385 22388 22390 $FC 120.0
 DIHEDRAL 22554 22557 22559 22561 $FC 0.0
 IMPROPER 22530 22519 22522 22524 $FC 120.0
 DIHEDRAL 22688 22691 22693 22695 $FC 0.0
 IMPROPER 22664 22653 22656 22658 $FC 120.0
 DIHEDRAL 22822 22825 22827 22829 $FC 0.0
 IMPROPER 22798 22787 22790 22792 $FC 120.0
 DIHEDRAL 22956 22959 22961 22963 $FC 0.0
 IMPROPER 22932 22921 22924 22926 $FC 120.0
 DIHEDRAL 23090 23093 23095 23097 $FC 0.0
 IMPROPER 23066 23055 23058 23060 $FC 120.0
 DIHEDRAL 23224 23227 23229 23231 $FC 0.0
 IMPROPER 23200 23189 23192 23194 $FC 120.0
 DIHEDRAL 23358 23361 23363 23365 $FC 0.0
 IMPROPER 23334 23323 23326 23328 $FC 120.0
 DIHEDRAL 23492 23495 23497 23499 $FC 0.0
 IMPROPER 23468 23457 23460 23462 $FC 120.0
 DIHEDRAL 23626 23629 23631 23633 $FC 0.0
 IMPROPER 23602 23591 23594 23596 $FC 120.0
 DIHEDRAL 23760 23763 23765 23767 $FC 0.0
 IMPROPER 23736 23725 23728 23730 $FC 120.0
 DIHEDRAL 23894 23897 23899 23901 $FC 0.0
 IMPROPER 23870 23859 23862 23864 $FC 120.0
 DIHEDRAL 24028 24031 24033 24035 $FC 0.0
 IMPROPER 24004 23993 23996 23998 $FC 120.0
 DIHEDRAL 24162 24165 24167 24169 $FC 0.0
 IMPROPER 24138 24127 24130 24132 $FC 120.0
 DIHEDRAL 24296 24299 24301 24303 $FC 0.0
 IMPROPER 24272 24261 24264 24266 $FC 120.0
 DIHEDRAL 24430 24433 24435 24437 $FC 0.0
 IMPROPER 24406 24395 24398 24400 $FC 120.0
 DIHEDRAL 24564 24567 24569 24571 $FC 0.0
 IMPROPER 24540 24529 24532 24534 $FC 120.0
 DIHEDRAL 24698 24701 24703 24705 $FC 0.0
 IMPROPER 24674 24663 24666 24668 $FC 120.0
 DIHEDRAL 24832 24835 24837 24839 $FC 0.0
 IMPROPER 24808 24797 24800 24802 $FC 120.0
 DIHEDRAL 24966 24969 24971 24973 $FC 0.0
 IMPROPER 24942 24931 24934 24936 $FC 120.0
 DIHEDRAL 25100 25103 25105 25107 $FC 0.0
 IMPROPER 25076 25065 25068 25070 $FC 120.0
 DIHEDRAL 25234 25237 25239 25241 $FC 0.0
 IMPROPER 25210 25199 25202 25204 $FC 120.0
 DIHEDRAL 25368 25371 25373 25375 $FC 0.0
 IMPROPER 25344 25333 25336 25338 $FC 120.0
 DIHEDRAL 25502 25505 25507 25509 $FC 0.0
 IMPROPER 25478 25467 25470 25472 $FC 120.0
 DIHEDRAL 25636 25639 25641 25643 $FC 0.0
 IMPROPER 25612 25601 25604 25606 $FC 120.0
 DIHEDRAL 25770 25773 25775 25777 $FC 0.0
 IMPROPER 25746 25735 25738 25740 $FC 120.0
 DIHEDRAL 25904 25907 25909 25911 $FC 0.0
 IMPROPER 25880 25869 25872 25874 $FC 120.0
 DIHEDRAL 26038 26041 26043 26045 $FC 0.0
 IMPROPER 26014 26003 26006 26008 $FC 120.0
 DIHEDRAL 26172 26175 26177 26179 $FC 0.0
 IMPROPER 26148 26137 26140 26142 $FC 120.0
 DIHEDRAL 26306 26309 26311 26313 $FC 0.0
 IMPROPER 26282 26271 26274 26276 $FC 120.0
 DIHEDRAL 26440 26443 26445 26447 $FC 0.0
 IMPROPER 26416 26405 26408 26410 $FC 120.0
 DIHEDRAL 26574 26577 26579 26581 $FC 0.0
 IMPROPER 26550 26539 26542 26544 $FC 120.0
 DIHEDRAL 26708 26711 26713 26715 $FC 0.0
 IMPROPER 26684 26673 26676 26678 $FC 120.0
 DIHEDRAL 26842 26845 26847 26849 $FC 0.0
 IMPROPER 26818 26807 26810 26812 $FC 120.0
 DIHEDRAL 26976 26979 26981 26983 $FC 0.0
 IMPROPER 26952 26941 26944 26946 $FC 120.0
 DIHEDRAL 27110 27113 27115 27117 $FC 0.0
 IMPROPER 27086 27075 27078 27080 $FC 120.0
 DIHEDRAL 27244 27247 27249 27251 $FC 0.0
 IMPROPER 27220 27209 27212 27214 $FC 120.0
 DIHEDRAL 27378 27381 27383 27385 $FC 0.0
 IMPROPER 27354 27343 27346 27348 $FC 120.0
 DIHEDRAL 27512 27515 27517 27519 $FC 0.0
 IMPROPER 27488 27477 27480 27482 $FC 120.0
 DIHEDRAL 27646 27649 27651 27653 $FC 0.0
 IMPROPER 27622 27611 27614 27616 $FC 120.0
 DIHEDRAL 27780 27783 27785 27787 $FC 0.0
 IMPROPER 27756 27745 27748 27750 $FC 120.0
 DIHEDRAL 27914 27917 27919 27921 $FC 0.0
 IMPROPER 27890 27879 27882 27884 $FC 120.0
 DIHEDRAL 28048 28051 28053 28055 $FC 0.0
 IMPROPER 28024 28013 28016 28018 $FC 120.0
 DIHEDRAL 28182 28185 28187 28189 $FC 0.0
 IMPROPER 28158 28147 28150 28152 $FC 120.0
 DIHEDRAL 28316 28319 28321 28323 $FC 0.0
 IMPROPER 28292 28281 28284 28286 $FC 120.0
 DIHEDRAL 28450 28453 28455 28457 $FC 0.0
 IMPROPER 28426 28415 28418 28420 $FC 120.0
 DIHEDRAL 28584 28587 28589 28591 $FC 0.0
 IMPROPER 28560 28549 28552 28554 $FC 120.0
 DIHEDRAL 28718 28721 28723 28725 $FC 0.0
 IMPROPER 28694 28683 28686 28688 $FC 120.0
 DIHEDRAL 28852 28855 28857 28859 $FC 0.0
 IMPROPER 28828 28817 28820 28822 $FC 120.0
 DIHEDRAL 28986 28989 28991 28993 $FC 0.0
 IMPROPER 28962 28951 28954 28956 $FC 120.0
 DIHEDRAL 29120 29123 29125 29127 $FC 0.0
 IMPROPER 29096 29085 29088 29090 $FC 120.0
 DIHEDRAL 29254 29257 29259 29261 $FC 0.0
 IMPROPER 29230 29219 29222 29224 $FC 120.0
 DIHEDRAL 29388 29391 29393 29395 $FC 0.0
 IMPROPER 29364 29353 29356 29358 $FC 120.0
 DIHEDRAL 29522 29525 29527 29529 $FC 0.0
 IMPROPER 29498 29487 29490 29492 $FC 120.0
 DIHEDRAL 29656 29659 29661 29663 $FC 0.0
 IMPROPER 29632 29621 29624 29626 $FC 120.0
 DIHEDRAL 29790 29793 29795 29797 $FC 0.0
 IMPROPER 29766 29755 29758 29760 $FC 120.0
 DIHEDRAL 29924 29927 29929 29931 $FC 0.0
 IMPROPER 29900 29889 29892 29894 $FC 120.0
 DIHEDRAL 30058 30061 30063 30065 $FC 0.0
 IMPROPER 30034 30023 30026 30028 $FC 120.0
 DIHEDRAL 30192 30195 30197 30199 $FC 0.0
 IMPROPER 30168 30157 30160 30162 $FC 120.0
 DIHEDRAL 30326 30329 30331 30333 $FC 0.0
 IMPROPER 30302 30291 30294 30296 $FC 120.0
 DIHEDRAL 30460 30463 30465 30467 $FC 0.0
 IMPROPER 30436 30425 30428 30430 $FC 120.0
 DIHEDRAL 30594 30597 30599 30601 $FC 0.0
 IMPROPER 30570 30559 30562 30564 $FC 120.0
 DIHEDRAL 30728 30731 30733 30735 $FC 0.0
 IMPROPER 30704 30693 30696 30698 $FC 120.0
 DIHEDRAL 30862 30865 30867 30869 $FC 0.0
 IMPROPER 30838 30827 30830 30832 $FC 120.0
 DIHEDRAL 30996 30999 31001 31003 $FC 0.0
 IMPROPER 30972 30961 30964 30966 $FC 120.0
 DIHEDRAL 31130 31133 31135 31137 $FC 0.0
 IMPROPER 31106 31095 31098 31100 $FC 120.0
 DIHEDRAL 31264 31267 31269 31271 $FC 0.0
 IMPROPER 31240 31229 31232 31234 $FC 120.0
 DIHEDRAL 31398 31401 31403 31405 $FC 0.0
 IMPROPER 31374 31363 31366 31368 $FC 120.0
 DIHEDRAL 31532 31535 31537 31539 $FC 0.0
 IMPROPER 31508 31497 31500 31502 $FC 120.0
 DIHEDRAL 31666 31669 31671 31673 $FC 0.0
 IMPROPER 31642 31631 31634 31636 $FC 120.0
 DIHEDRAL 31800 31803 31805 31807 $FC 0.0
 IMPROPER 31776 31765 31768 31770 $FC 120.0
 DIHEDRAL 31934 31937 31939 31941 $FC 0.0
 IMPROPER 31910 31899 31902 31904 $FC 120.0
 DIHEDRAL 32068 32071 32073 32075 $FC 0.0
 IMPROPER 32044 32033 32036 32038 $FC 120.0
 DIHEDRAL 32202 32205 32207 32209 $FC 0.0
 IMPROPER 32178 32167 32170 32172 $FC 120.0
 DIHEDRAL 32336 32339 32341 32343 $FC 0.0
 IMPROPER 32312 32301 32304 32306 $FC 120.0
 DIHEDRAL 32470 32473 32475 32477 $FC 0.0
 IMPROPER 32446 32435 32438 32440 $FC 120.0
 DIHEDRAL 32604 32607 32609 32611 $FC 0.0
 IMPROPER 32580 32569 32572 32574 $FC 120.0
 DIHEDRAL 32738 32741 32743 32745 $FC 0.0
 IMPROPER 32714 32703 32706 32708 $FC 120.0
 DIHEDRAL 32872 32875 32877 32879 $FC 0.0
 IMPROPER 32848 32837 32840 32842 $FC 120.0
 DIHEDRAL 33006 33009 33011 33013 $FC 0.0
 IMPROPER 32982 32971 32974 32976 $FC 120.0
 DIHEDRAL 33140 33143 33145 33147 $FC 0.0
 IMPROPER 33116 33105 33108 33110 $FC 120.0
 DIHEDRAL 33274 33277 33279 33281 $FC 0.0
 IMPROPER 33250 33239 33242 33244 $FC 120.0
 DIHEDRAL 33408 33411 33413 33415 $FC 0.0
 IMPROPER 33384 33373 33376 33378 $FC 120.0
 DIHEDRAL 33542 33545 33547 33549 $FC 0.0
 IMPROPER 33518 33507 33510 33512 $FC 120.0
 DIHEDRAL 33676 33679 33681 33683 $FC 0.0
 IMPROPER 33652 33641 33644 33646 $FC 120.0
 DIHEDRAL 33810 33813 33815 33817 $FC 0.0
 IMPROPER 33786 33775 33778 33780 $FC 120.0
 DIHEDRAL 33944 33947 33949 33951 $FC 0.0
 IMPROPER 33920 33909 33912 33914 $FC 120.0
 DIHEDRAL 34078 34081 34083 34085 $FC 0.0
 IMPROPER 34054 34043 34046 34048 $FC 120.0
 DIHEDRAL 34212 34215 34217 34219 $FC 0.0
 IMPROPER 34188 34177 34180 34182 $FC 120.0
 DIHEDRAL 34346 34349 34351 34353 $FC 0.0
 IMPROPER 34322 34311 34314 34316 $FC 120.0
 DIHEDRAL 34480 34483 34485 34487 $FC 0.0
 IMPROPER 34456 34445 34448 34450 $FC 120.0
 DIHEDRAL 34614 34617 34619 34621 $FC 0.0
 IMPROPER 34590 34579 34582 34584 $FC 120.0
 DIHEDRAL 34748 34751 34753 34755 $FC 0.0
 IMPROPER 34724 34713 34716 34718 $FC 120.0
 DIHEDRAL 34882 34885 34887 34889 $FC 0.0
 IMPROPER 34858 34847 34850 34852 $FC 120.0
 DIHEDRAL 35016 35019 35021 35023 $FC 0.0
 IMPROPER 34992 34981 34984 34986 $FC 120.0
 DIHEDRAL 35150 35153 35155 35157 $FC 0.0
 IMPROPER 35126 35115 35118 35120 $FC 120.0
 DIHEDRAL 35284 35287 35289 35291 $FC 0.0
 IMPROPER 35260 35249 35252 35254 $FC 120.0
 DIHEDRAL 35418 35421 35423 35425 $FC 0.0
 IMPROPER 35394 35383 35386 35388 $FC 120.0
 DIHEDRAL 35552 35555 35557 35559 $FC 0.0
 IMPROPER 35528 35517 35520 35522 $FC 120.0
 DIHEDRAL 35686 35689 35691 35693 $FC 0.0
 IMPROPER 35662 35651 35654 35656 $FC 120.0
 DIHEDRAL 35820 35823 35825 35827 $FC 0.0
 IMPROPER 35796 35785 35788 35790 $FC 120.0
 DIHEDRAL 35954 35957 35959 35961 $FC 0.0
 IMPROPER 35930 35919 35922 35924 $FC 120.0
 DIHEDRAL 36088 36091 36093 36095 $FC 0.0
 IMPROPER 36064 36053 36056 36058 $FC 120.0
 DIHEDRAL 36222 36225 36227 36229 $FC 0.0
 IMPROPER 36198 36187 36190 36192 $FC 120.0
 DIHEDRAL 36356 36359 36361 36363 $FC 0.0
 IMPROPER 36332 36321 36324 36326 $FC 120.0
 DIHEDRAL 36490 36493 36495 36497 $FC 0.0
 IMPROPER 36466 36455 36458 36460 $FC 120.0
 DIHEDRAL 36624 36627 36629 36631 $FC 0.0
 IMPROPER 36600 36589 36592 36594 $FC 120.0
 DIHEDRAL 36758 36761 36763 36765 $FC 0.0
 IMPROPER 36734 36723 36726 36728 $FC 120.0
 DIHEDRAL 36892 36895 36897 36899 $FC 0.0
 IMPROPER 36868 36857 36860 36862 $FC 120.0
 DIHEDRAL 37026 37029 37031 37033 $FC 0.0
 IMPROPER 37002 36991 36994 36996 $FC 120.0
 DIHEDRAL 37160 37163 37165 37167 $FC 0.0
 IMPROPER 37136 37125 37128 37130 $FC 120.0
 DIHEDRAL 37294 37297 37299 37301 $FC 0.0
 IMPROPER 37270 37259 37262 37264 $FC 120.0
 DIHEDRAL 37428 37431 37433 37435 $FC 0.0
 IMPROPER 37404 37393 37396 37398 $FC 120.0
 DIHEDRAL 37562 37565 37567 37569 $FC 0.0
 IMPROPER 37538 37527 37530 37532 $FC 120.0
 DIHEDRAL 37696 37699 37701 37703 $FC 0.0
 IMPROPER 37672 37661 37664 37666 $FC 120.0
 DIHEDRAL 37830 37833 37835 37837 $FC 0.0
 IMPROPER 37806 37795 37798 37800 $FC 120.0
 DIHEDRAL 37964 37967 37969 37971 $FC 0.0
 IMPROPER 37940 37929 37932 37934 $FC 120.0
 DIHEDRAL 38098 38101 38103 38105 $FC 0.0
 IMPROPER 38074 38063 38066 38068 $FC 120.0
 DIHEDRAL 38232 38235 38237 38239 $FC 0.0
 IMPROPER 38208 38197 38200 38202 $FC 120.0
 DIHEDRAL 38366 38369 38371 38373 $FC 0.0
 IMPROPER 38342 38331 38334 38336 $FC 120.0
 DIHEDRAL 38500 38503 38505 38507 $FC 0.0
 IMPROPER 38476 38465 38468 38470 $FC 120.0
 DIHEDRAL 38634 38637 38639 38641 $FC 0.0
 IMPROPER 38610 38599 38602 38604 $FC 120.0
 DIHEDRAL 38768 38771 38773 38775 $FC 0.0
 IMPROPER 38744 38733 38736 38738 $FC 120.0
 DIHEDRAL 38902 38905 38907 38909 $FC 0.0
 IMPROPER 38878 38867 38870 38872 $FC 120.0
 DIHEDRAL 39036 39039 39041 39043 $FC 0.0
 IMPROPER 39012 39001 39004 39006 $FC 120.0
 DIHEDRAL 39170 39173 39175 39177 $FC 0.0
 IMPROPER 39146 39135 39138 39140 $FC 120.0
 DIHEDRAL 39304 39307 39309 39311 $FC 0.0
 IMPROPER 39280 39269 39272 39274 $FC 120.0
 DIHEDRAL 39438 39441 39443 39445 $FC 0.0
 IMPROPER 39414 39403 39406 39408 $FC 120.0
